\033[49m            \033[38;2;0;0;0;49m▄▄\033[38;2;0;0;0;48;2;12;12;12m▄\033[48;2;0;0;0m       \033[38;2;0;0;0;49m▄▄▄\033[49m          \033[m
\033[49m          \033[38;2;0;0;0;49m▄\033[48;2;0;0;0m  \033[38;2;218;37;29;48;2;0;0;0m▄▄▄\033[48;2;218;37;29m    \033[38;2;218;37;29;48;2;4;0;0m▄\033[38;2;218;37;29;48;2;0;0;0m▄▄▄\033[48;2;0;0;0m   \033[38;2;0;0;0;49m▄\033[38;2;167;167;167;49m▄\033[49m      \033[m
\033[49m         \033[48;2;0;0;0m  \033[38;2;218;37;29;48;2;0;0;0m▄\033[48;2;218;37;29m             \033[38;2;218;37;29;48;2;1;0;0m▄\033[38;2;218;37;29;48;2;0;0;0m▄\033[48;2;0;0;0m  \033[38;2;0;0;0;48;2;85;85;85m▄\033[49m     \033[m
\033[49m        \033[48;2;0;0;0m  \033[38;2;122;2;54;48;2;0;0;0m▄\033[48;2;218;37;29m      \033[38;2;0;0;0;48;2;218;37;29m▄▄▄▄▄▄▄▄▄▄▄\033[48;2;0;0;0m   \033[49m    \033[m
\033[49m       \033[38;2;32;32;32;49m▄\033[48;2;0;0;0m  \033[48;2;122;2;54m \033[48;2;218;37;29m    \033[48;2;0;0;0m    \033[38;2;145;200;219;48;2;0;0;0m▄▄▄▄▄▄▄▄▄▄\033[48;2;0;0;0m   \033[38;2;0;0;0;49m▄\033[49m  \033[m
\033[49m       \033[48;2;0;0;0m  \033[38;2;13;1;3;48;2;0;0;0m▄\033[48;2;122;2;54m \033[48;2;218;37;29m   \033[38;2;0;0;0;48;2;177;30;23m▄\033[48;2;0;0;0m  \033[48;2;72;99;109m \033[38;2;72;99;109;48;2;145;200;219m▄\033[48;2;145;200;219m   \033[38;2;152;203;221;48;2;149;202;221m▄\033[48;2;255;255;255m      \033[38;2;255;255;255;48;2;145;200;219m▄\033[48;2;145;200;219m \033[38;2;145;200;219;48;2;0;0;0m▄\033[48;2;0;0;0m  \033[49m \033[m
\033[49m  \033[38;2;0;0;0;49m▄▄▄\033[48;2;0;0;0m    \033[48;2;122;2;54m  \033[48;2;218;37;29m   \033[48;2;0;0;0m   \033[48;2;72;99;109m  \033[38;2;136;187;205;48;2;145;200;219m▄\033[48;2;145;200;219m      \033[38;2;145;200;219;48;2;174;215;228m▄\033[38;2;145;200;219;48;2;253;254;254m▄\033[38;2;145;200;219;48;2;255;255;255m▄\033[38;2;145;200;219;48;2;197;226;236m▄\033[48;2;145;200;219m  \033[38;2;145;200;219;48;2;0;0;0m▄\033[48;2;0;0;0m  \033[m
\033[49m \033[48;2;0;0;0m  \033[38;2;218;37;29;48;2;0;0;0m▄▄▄▄\033[48;2;0;0;0m  \033[48;2;122;2;54m  \033[48;2;218;37;29m   \033[48;2;0;0;0m   \033[48;2;72;99;109m   \033[38;2;72;99;109;48;2;119;164;180m▄\033[38;2;72;99;109;48;2;145;200;219m▄▄▄▄▄▄▄▄▄▄▄\033[38;2;32;44;49;48;2;72;99;109m▄\033[48;2;0;0;0m  \033[m
\033[38;2;0;0;0;48;2;54;54;54m▄\033[48;2;0;0;0m  \033[48;2;218;37;29m   \033[38;2;8;1;1;48;2;186;31;24m▄\033[48;2;0;0;0m  \033[48;2;122;2;54m  \033[48;2;218;37;29m   \033[38;2;218;37;29;48;2;108;18;14m▄\033[48;2;0;0;0m   \033[38;2;0;0;0;48;2;72;99;109m▄\033[48;2;72;99;109m           \033[38;2;0;0;0;48;2;72;99;109m▄▄\033[48;2;0;0;0m  \033[49;38;2;0;0;0m▀\033[m
\033[48;2;0;0;0m  \033[38;2;122;2;54;48;2;2;0;0m▄\033[38;2;122;2;54;48;2;199;30;34m▄\033[48;2;122;2;54m  \033[48;2;0;0;0m   \033[48;2;122;2;54m  \033[48;2;218;37;29m    \033[38;2;218;37;29;48;2;0;0;0m▄\033[48;2;0;0;0m     \033[38;2;0;0;0;48;2;72;99;109m▄▄▄▄▄▄\033[48;2;0;0;0m      \033[49m  \033[m
\033[48;2;0;0;0m  \033[48;2;122;2;54m    \033[48;2;0;0;0m   \033[48;2;122;2;54m  \033[48;2;218;37;29m      \033[38;2;218;37;29;48;2;71;12;9m▄\033[38;2;218;37;29;48;2;0;0;0m▄▄\033[48;2;0;0;0m     \033[38;2;218;37;29;48;2;0;0;0m▄▄▄▄▄\033[48;2;218;37;29m \033[48;2;0;0;0m  \033[49m  \033[m
\033[48;2;0;0;0m  \033[48;2;122;2;54m    \033[38;2;1;0;0;48;2;0;0;0m▄\033[48;2;0;0;0m  \033[48;2;122;2;54m   \033[48;2;218;37;29m                  \033[38;2;132;5;51;48;2;218;37;29m▄\033[48;2;0;0;0m  \033[49m  \033[m
\033[48;2;0;0;0m  \033[48;2;122;2;54m    \033[38;2;9;0;4;48;2;8;1;2m▄\033[48;2;0;0;0m  \033[48;2;122;2;54m   \033[38;2;202;31;33;48;2;218;37;29m▄\033[48;2;218;37;29m                 \033[48;2;122;2;54m \033[48;2;0;0;0m  \033[49m  \033[m
\033[48;2;0;0;0m  \033[48;2;122;2;54m    \033[38;2;131;8;46;48;2;88;8;25m▄\033[48;2;0;0;0m  \033[48;2;122;2;54m    \033[48;2;218;37;29m                \033[38;2;122;2;54;48;2;218;37;29m▄\033[48;2;122;2;54m \033[48;2;0;0;0m  \033[49m  \033[m
\033[48;2;0;0;0m  \033[48;2;122;2;54m     \033[48;2;0;0;0m  \033[48;2;122;2;54m     \033[38;2;149;12;47;48;2;218;37;29m▄\033[48;2;218;37;29m             \033[38;2;210;34;31;48;2;218;37;29m▄\033[48;2;122;2;54m  \033[48;2;0;0;0m  \033[49m  \033[m
\033[48;2;0;0;0m  \033[38;2;128;5;50;48;2;122;2;54m▄\033[48;2;122;2;54m    \033[48;2;0;0;0m  \033[48;2;122;2;54m       \033[38;2;122;2;54;48;2;154;14;45m▄\033[38;2;122;2;54;48;2;218;37;29m▄▄▄▄▄▄▄▄▄▄\033[48;2;122;2;54m    \033[48;2;0;0;0m  \033[49m  \033[m
\033[49;38;2;0;0;0m▀\033[48;2;0;0;0m  \033[48;2;122;2;54m    \033[48;2;0;0;0m  \033[48;2;122;2;54m                     \033[48;2;0;0;0m  \033[38;2;63;63;63;48;2;0;0;0m▄\033[49m  \033[m
\033[49m \033[49;38;2;0;0;0m▀\033[48;2;0;0;0m   \033[38;2;0;0;0;48;2;4;0;2m▄\033[38;2;0;0;0;48;2;4;0;1m▄\033[48;2;0;0;0m  \033[48;2;122;2;54m        \033[38;2;0;0;0;48;2;122;2;54m▄▄▄▄▄▄▄▄▄▄\033[48;2;122;2;54m   \033[48;2;0;0;0m  \033[49m   \033[m
\033[49m   \033[49;38;2;36;36;36m▀\033[49;38;2;0;0;0m▀▀▀\033[48;2;0;0;0m  \033[48;2;122;2;54m        \033[48;2;0;0;0m  \033[49;38;2;0;0;0m▀▀\033[48;2;0;0;0m   \033[38;2;122;2;54;48;2;0;0;0m▄\033[48;2;122;2;54m    \033[38;2;0;0;0;48;2;123;2;53m▄\033[48;2;0;0;0m  \033[49m   \033[m
\033[49m       \033[48;2;0;0;0m  \033[38;2;46;3;15;48;2;128;6;47m▄\033[48;2;122;2;54m       \033[48;2;0;0;0m  \033[49m  \033[48;2;0;0;0m   \033[48;2;122;2;54m     \033[48;2;0;0;0m  \033[38;2;20;20;20;48;2;0;0;0m▄\033[49m   \033[m
\033[49m       \033[48;2;0;0;0m   \033[48;2;122;2;54m       \033[48;2;0;0;0m  \033[49m   \033[48;2;0;0;0m  \033[48;2;122;2;54m     \033[48;2;0;0;0m  \033[49m    \033[m
\033[49m       \033[38;2;54;58;59;48;2;129;129;129m▄\033[48;2;0;0;0m  \033[38;2;0;0;0;48;2;122;2;54m▄\033[38;2;124;3;53;48;2;122;2;54m▄\033[48;2;122;2;54m   \033[38;2;0;0;0;48;2;122;2;54m▄\033[38;2;0;0;0;48;2;8;1;2m▄\033[48;2;0;0;0m  \033[38;2;54;58;59;48;2;65;68;69m▄\033[38;2;54;58;59;48;2;64;67;68m▄\033[38;2;54;58;59;48;2;89;94;94m▄\033[38;2;54;58;59;48;2;0;0;0m▄\033[48;2;0;0;0m       \033[38;2;54;58;59;48;2;0;0;0m▄\033[49m    \033[m
\033[49m   \033[38;2;56;60;61;49m▄\033[48;2;54;58;59m    \033[38;2;54;58;59;48;2;5;5;6m▄\033[38;2;54;58;59;48;2;0;0;0m▄\033[48;2;0;0;0m      \033[38;2;24;26;27;48;2;0;0;0m▄\033[38;2;54;58;59;48;2;0;0;0m▄\033[48;2;54;58;59m                \033[38;2;54;58;59;49m▄\033[m
\033[49m     \033[49;38;2;54;58;59m▀▀▀▀▀\033[38;2;57;61;62;48;2;54;58;59m▄\033[48;2;54;58;59m                \033[38;2;57;61;62;48;2;54;58;59m▄\033[49;38;2;54;58;59m▀▀▀▀▀\033[49m  \033[m